nodes_in_MPG,time_to_compute_MPG,time_to_compute_Iso
8,0.00045,0.0017321
8,0.000323,0.0021569
12,0.0006486,0.0022956
8,0.0002235,0.0030346
14,0.0004947,0.0029841
12,0.0004031,0.0038065
20,0.0008052,0.0037125
22,0.0009521,0.0044682
18,0.0008885,0.0045467
26,0.0016738,0.0062492
20,0.0007431,0.0060628
36,0.0020895,0.0080414
18,0.0008468,0.0046782
40,0.0020147,0.0082414
28,0.0026862,0.0065775
62,0.0104169,0.0123844
46,0.0060386,0.0081437
52,0.0042431,0.0088036
56,0.0050356,0.0110981
50,0.002755,0.0088369
50,0.0045947,0.0065939
44,0.003321,0.0043286
66,0.0061553,0.0091342
70,0.0190519,0.0130911
8,0.0002976,0.0010888
9,0.000446,0.001569
12,0.0005845,0.0014834
10,0.0004837,0.0020001
15,0.0004767,0.0020932
14,0.0004332,0.0027986
20,0.0006646,0.0028776
22,0.0008453,0.0027759
20,0.0011534,0.0033123
26,0.0013471,0.0047999
25,0.0011959,0.0050736
39,0.0022812,0.0071159
20,0.0009533,0.0036471
40,0.0015474,0.0067464
30,0.0026305,0.006171
62,0.0057181,0.0105197
46,0.0038538,0.0081714
54,0.004492,0.0085577
64,0.0064619,0.0115807
50,0.0029328,0.009623
51,0.0040759,0.0069838
44,0.0025558,0.0054728
70,0.0065969,0.0096315
70,0.0135718,0.0170519
12,0.0005864,0.0013347
12,0.0005181,0.0018891
18,0.001375,0.0023532
12,0.0002791,0.0025262
21,0.0006684,0.0025468
18,0.000529,0.003126
30,0.0014286,0.0033057
33,0.0020435,0.0032533
27,0.0023288,0.0035539
39,0.0025447,0.00517
30,0.0015127,0.0055399
54,0.0035183,0.007142
27,0.0011037,0.0037912
60,0.0045057,0.0076271
42,0.0076795,0.0073406
93,0.0168094,0.0130475
69,0.0103104,0.0101486
78,0.0093135,0.0106226
84,0.0106559,0.0148218
75,0.0061886,0.0115751
75,0.014589,0.0102358
66,0.0105188,0.0065377
99,0.0123518,0.0139809
105,0.1685737,0.0219366
8,0.0004391,0.0013748
10,0.0007152,0.0018038
12,0.0005319,0.0023882
21,0.0164071,0.0041168
22,0.0010872,0.0041455
25,0.0009974,0.0044858
36,0.0024047,0.0044417
40,0.0038015,0.0047386
37,0.0102237,0.0061006
40,0.0029172,0.0089911
50,0.0131708,0.0099302
74,0.0264104,0.0137748
33,0.0234747,0.0077369
64,0.0076739,0.0150563
48,0.0212088,0.0132335
84,0.0107476,0.024203
52,0.0048137,0.0172662
100,0.0397797,0.0349024
112,0.0684143,0.0338809
76,0.0095653,0.0269525
74,0.0188823,0.0186336
80,0.0108265,0.0133233
102,0.0187642,0.0253659
100,0.0145543,0.0429114
14,0.0006148,0.0029298
15,0.0009242,0.0034529
21,0.001476,0.0043255
22,0.0013028,0.0056594
30,0.0118927,0.0044967
29,0.0039782,0.005743
47,0.0242292,0.0057937
52,0.0212532,0.0068089
44,0.0046225,0.0070785
56,0.0197341,0.010146
55,0.0074589,0.011194
90,0.0368167,0.016001
41,0.0032188,0.0090421
88,0.0444025,0.0156584
63,0.0086244,0.0167738
125,0.0452702,0.0275063
85,0.0215459,0.0178993
126,0.0433594,0.0183368
136,0.0242485,0.0246991
107,0.058651,0.0225831
105,0.024228,0.0174034
104,0.0114239,0.0240436
139,0.0418834,0.0343934
145,0.0298172,0.0552271
12,0.0003278,0.0054583
14,0.0003258,0.0053915
18,0.000523,0.0072079
25,0.0006587,0.0106535
29,0.0025131,0.0097431
31,0.0070506,0.0114086
46,0.0059589,0.0108722
51,0.0065862,0.0122512
46,0.0025979,0.0156581
53,0.007903,0.0201463
60,0.0141791,0.020503
92,0.0180287,0.0252658
42,0.0020737,0.0164281
84,0.0270543,0.0296369
62,0.0092896,0.0202315
115,0.0436579,0.0673658
75,0.0194448,0.0341667
126,0.0475578,0.0356887
140,0.0467822,0.0416662
101,0.0345551,0.0316806
99,0.018559,0.0252973
102,0.0136276,0.0192494
135,0.0343025,0.0404859
135,0.0267515,0.0597733
20,0.0005589,0.0088849
20,0.0005209,0.0103853
30,0.0011073,0.0124545
36,0.0013698,0.0174349
47,0.0100438,0.0158412
46,0.0050171,0.0184388
82,0.0422742,0.0233193
91,0.048346,0.0149938
73,0.0055025,0.0129202
93,0.0504335,0.0200658
90,0.0110941,0.0188875
154,0.1465626,0.026156
65,0.0043552,0.0142994
148,0.2083081,0.0276236
102,0.0170182,0.0239868
199,0.1393566,0.0668751
127,0.0548413,0.0399685
218,0.8297291,0.033841
220,0.0752748,0.0651091
177,0.1590681,0.0572632
169,0.0718272,0.042181
182,0.0400621,0.0476547
217,0.1144621,0.0653767
235,0.0879702,0.1041822
22,0.0006014,0.0066642
22,0.0006028,0.0075477
33,0.0015481,0.0074122
40,0.0013246,0.0136626
52,0.0090355,0.0140723
51,0.0053061,0.0137275
91,0.0395381,0.0123464
101,0.0432966,0.0109261
81,0.0098597,0.0115921
103,0.0437732,0.0153372
100,0.0133349,0.0157955
171,0.0907802,0.0196112
72,0.0041304,0.0111641
164,0.1018789,0.0197614
113,0.0188136,0.017216
220,0.1245038,0.0300765
140,0.058196,0.0213084
242,0.1528672,0.0233505
244,0.0843865,0.0302403
196,0.1583085,0.0311528
187,0.0886397,0.0214808
202,0.0570122,0.0151112
240,0.131145,0.0286233
260,0.1312556,0.1733089
18,0.0008284,0.006904
20,0.0011331,0.0098826
27,0.0022776,0.011416
37,0.0061724,0.0167906
44,0.0024899,0.0153754
46,0.00257,0.0183076
73,0.0066455,0.0157911
81,0.0086211,0.0112679
70,0.0139385,0.0115039
83,0.0083626,0.0158143
90,0.01102,0.0174539
143,0.0244772,0.0238332
63,0.011425,0.0140441
132,0.0151616,0.0355895
95,0.0364702,0.0382888
178,0.0451763,0.0887192
114,0.0193963,0.055916
198,0.058295,0.0522802
212,0.085177,0.0449903
158,0.0296266,0.0341934
153,0.0453241,0.0356261
162,0.0507784,0.0287584
204,0.0513207,0.0559638
210,0.1777443,0.0705433
26,0.000862,0.0141109
26,0.0009195,0.0092566
39,0.0020297,0.0071715
40,0.0011204,0.0132411
56,0.0093091,0.0114328
53,0.0084153,0.022311
93,0.0383194,0.0183741
103,0.0438253,0.0192057
83,0.0093215,0.017905
109,0.0475705,0.0242195
100,0.0141399,0.0272983
173,0.093109,0.0357557
76,0.0050349,0.0191111
172,0.1132561,0.0374867
119,0.0220337,0.0324169
240,0.1540152,0.0576874
160,0.0722271,0.0443286
246,0.1598167,0.0419611
252,0.094609,0.052063
208,0.1932214,0.0402218
201,0.0984866,0.0287387
206,0.0526199,0.0234831
260,0.171383,0.0436811
280,0.2086481,0.1584489
20,0.0004599,0.0135202
25,0.0007795,0.0130762
30,0.0009848,0.0137298
50,0.005602,0.023737
55,0.0037209,0.0244023
60,0.0110982,0.0303172
90,0.0096568,0.0270316
100,0.0115925,0.0158393
90,0.0102289,0.0192351
100,0.0119646,0.0261722
125,0.0482093,0.0448616
185,0.07099,0.0456326
80,0.0147406,0.0270903
160,0.0412665,0.0424187
120,0.0244578,0.0378067
210,0.0633859,0.0647366
130,0.019777,0.0725234
250,0.1036968,0.0799468
280,0.1756788,0.0703964
190,0.0582854,0.0571101
185,0.0460668,0.0691487
200,0.0433646,0.0432691
250,0.0841631,0.0906887
250,0.1015115,0.0887874
36,0.0010621,0.0111233
39,0.0015085,0.0118925
54,0.0023482,0.0129412
74,0.0105453,0.017066
90,0.0201655,0.0159858
92,0.0124453,0.0202625
154,0.0800995,0.0168628
171,0.0894522,0.0174978
143,0.0297847,0.0175031
173,0.1123356,0.0241881
185,0.0561172,0.0350431
300,0.328732,0.0436302
127,0.0338312,0.0271442
276,0.3533069,0.0513356
196,0.0743749,0.0456515
367,0.4601151,0.0797212
231,0.1466829,0.0530721
418,0.8015284,0.0495629
436,0.471934,0.0657414
329,0.5410287,0.0549425
316,0.2837021,0.0494903
342,0.2306219,0.0292919
413,1.2882404,0.0567617
435,1.6784046,0.1159405
18,0.003523,0.0068056
20,0.0048038,0.0068875
27,0.0053845,0.0071797
33,0.038699,0.0121044
41,0.0052237,0.0094938
42,0.0068675,0.0115381
65,0.0101172,0.010305
72,0.010866,0.0113091
63,0.0304772,0.0136723
76,0.0136992,0.0168669
80,0.029704,0.019448
127,0.0629058,0.0243023
58,0.1104767,0.0154592
120,0.0236673,0.0233618
87,0.0436003,0.0257599
167,0.0512323,0.0417139
111,0.0338999,0.0382987
176,0.1203597,0.035449
192,0.1733783,0.0559601
145,0.0411588,0.0544243
142,0.0363661,0.0411239
144,0.0270114,0.0273823
191,0.0470228,0.0729076
195,0.0540198,0.0963695
40,0.0012862,0.0151839
40,0.0011197,0.0161241
60,0.0030532,0.0187318
64,0.003142,0.0224571
88,0.0253964,0.0210277
84,0.0152883,0.0235435
148,0.1071138,0.0217586
164,0.1209697,0.0233695
132,0.0248205,0.024419
172,0.1335073,0.056794
160,0.0401293,0.0523888
276,0.3206511,0.0664609
120,0.0196358,0.0405775
272,0.4502983,0.0765499
188,0.0500581,0.0469407
376,0.5654837,0.0832966
248,0.2103264,0.0476274
392,0.5998139,0.0413849
400,5.9143259,0.0491255
328,5.3334343,0.046307
316,0.3621229,0.7681161
328,0.1797973,1.368805
408,1.9503919,0.9961341
440,0.4945128,0.1527806
28,0.0027348,0.0073992
30,0.0036842,0.0103182
42,0.0098884,0.00962
48,0.0127759,0.015193
63,0.0069856,0.0141898
62,0.0061346,0.0176523
102,0.0148104,0.0153416
113,0.0221754,0.015995
95,0.0390049,0.0192978
119,0.0223465,0.0238178
120,0.0237471,0.026473
196,0.0599255,0.0340953
87,0.0259731,0.0233294
188,0.1768085,0.0436616
135,0.1863964,0.0445838
261,0.2026283,0.0839578
173,0.0799416,0.105016
274,0.9861231,0.0935238
292,0.2512915,0.1055918
227,0.1121668,0.075064
221,0.2103319,0.0558362
226,0.210828,0.0401608
291,1.0941817,0.0710356
305,1.2124272,0.1661807
62,0.0064386,0.0440755
62,0.0049161,0.040252
93,0.0144087,0.0431216
84,0.005598,0.0360994
125,0.0442918,0.0315925
115,0.0300532,0.036202
199,0.1400605,0.0301049
220,0.1455056,0.0310161
178,0.0553465,0.0331666
240,0.2078031,0.0423305
210,0.0753856,0.0469251
367,0.551177,0.0716557
167,0.3474818,0.0536658
376,7.1405736,0.1122366
261,0.2131021,0.0762555
541,29.9930792,0.1144554
373,1.4860197,0.0828801
524,27.8425386,0.1100698
544,28.4996418,0.178437
459,37.7012464,0.1240132
448,3.8994012,0.0853961
440,1.0381469,0.057402
583,41.0808197,0.1201781
625,78.7353847,0.3249844
46,0.0057551,0.0159877
46,0.0040934,0.016825
69,0.0108527,0.0192278
52,0.0038141,0.0231246
85,0.0195178,0.0234618
75,0.01139,0.0262487
127,0.0557452,0.0236605
140,0.0928121,0.0244893
114,0.0390542,0.0263241
160,0.1283667,0.0373326
130,0.0584571,0.0483115
231,0.1741261,0.06298
111,0.017085,0.036085
248,0.1844979,0.1190289
173,0.0667388,0.0914565
373,0.5644306,0.12973
269,0.23968,0.0798798
332,0.3696168,0.0851823
352,2.1048796,0.1147428
307,0.7625119,0.1075658
304,0.4490335,0.1027597
280,0.2424519,0.2029724
399,0.4600255,0.1116953
425,2.3487457,0.1454923
52,0.0044616,0.0210785
54,0.0068208,0.0227753
78,0.0143219,0.0241765
100,0.025738,0.0323327
126,0.0507678,0.0300737
126,0.0329598,0.0355453
218,0.1895653,0.0355494
242,0.4583857,0.0303908
198,0.0881291,0.0336596
246,0.2548618,0.0450718
250,0.1435954,0.0585219
418,4.1448181,0.0590478
176,0.0892114,0.037049
392,6.6154257,0.0566976
274,0.2143413,0.0509983
524,57.1541647,0.1313492
332,0.4414001,0.1138483
588,46.0099621,0.080855
600,43.0430571,0.1105154
468,48.4547201,0.0781196
448,1.1132133,0.0535048
484,1.3662241,0.0390145
580,56.1508713,0.0670606
620,110.9945919,0.1534551
56,0.0056375,0.0465886
64,0.0077849,0.0515468
84,0.0149757,0.0496623
112,0.0399068,0.0652227
136,0.0217908,0.0594767
140,0.0382676,0.0612816
220,0.0816975,0.061183
244,0.107811,0.0693253
212,0.1467799,0.0640252
252,0.1142389,0.0820717
280,0.2203989,0.0886252
436,15.4320028,0.1067145
192,0.3086622,0.0931519
400,6.8584531,0.1615512
292,0.5414234,0.1537367
544,45.8871826,0.2022667
352,0.5100301,0.1467513
600,63.5623548,0.1688142
656,89.9985021,0.154335
480,1.710758,0.1023829
468,6.4827601,0.0781112
488,54.6504844,0.0514753
624,58.7014105,0.1784218
640,134.0982006,0.2166517
50,0.004762,0.0213894
50,0.0052502,0.0229842
75,0.0094602,0.0228437
76,0.008201,0.0309516
107,0.0878508,0.0303345
101,0.0468456,0.0351454
177,0.3677112,0.027627
196,0.2380985,0.0293911
158,0.0292642,0.0327631
208,0.2105525,0.0521951
190,0.0788042,0.0584246
329,1.1130359,0.0820784
145,0.0401731,0.0613128
328,1.4410537,0.0812124
227,0.0846771,0.0654913
459,44.7911135,0.1068946
307,0.9296264,0.072652
468,1.2274833,0.0996897
480,39.5105203,0.1259605
397,1.6570316,0.0969964
384,1.2712854,0.067697
392,0.6574416,0.0451843
497,49.1452803,0.0815751
535,47.2960719,0.2181943
50,0.0150019,0.0359592
51,0.0178046,0.0352116
75,0.0353012,0.0357174
74,0.0276545,0.0406867
105,0.0542387,0.0391385
99,0.0353936,0.0281698
169,0.1599515,0.0380582
187,0.2153773,0.0286379
153,0.0866893,0.0356678
201,0.160706,0.0411417
185,0.0843253,0.0434187
316,0.3795468,0.0569271
142,0.0460062,0.0304213
316,0.5483746,0.053669
221,0.2147971,0.0661655
448,9.1990435,0.109411
304,0.3943519,0.1084249
448,2.1512864,0.0989224
468,3.4135407,0.095812
384,1.1122856,0.0736695
375,0.92662,0.0555564
374,0.7712191,0.0370768
488,42.5199526,0.074428
520,66.6828018,0.1519334
44,0.0093055,0.0136137
44,0.0101306,0.0143316
66,0.0268435,0.0144152
80,0.0127178,0.020646
104,0.0204056,0.0186554
102,0.0187667,0.0197687
182,0.05941,0.0175747
202,0.0863523,0.0197637
162,0.0982391,0.0219591
206,0.0898985,0.028845
200,0.0643179,0.0264313
342,0.4018678,0.0339992
144,0.1185989,0.0204602
328,0.2609979,0.0335738
226,0.3476761,0.0311962
440,1.5121284,0.0502234
280,0.2677668,0.034025
484,3.2769663,0.0399093
488,57.5504672,0.0595336
392,0.4254528,0.0712362
374,0.8820084,0.0519792
404,7.3910009,0.0428429
480,1.2047687,0.0593651
520,68.7044303,0.0887509
66,0.0134887,0.0179512
70,0.012737,0.0202508
99,0.0267089,0.0223604
102,0.017572,0.0289299
139,0.0865907,0.0258932
135,0.0581318,0.0279531
217,0.2517214,0.0264917
240,0.3614308,0.0268486
204,0.1035235,0.0293204
260,0.4529238,0.0364438
250,0.1469173,0.0413314
413,1.9280491,0.0607322
191,0.0836818,0.0420971
408,2.1987698,0.0742782
291,0.2908227,0.0769536
583,72.864027,0.1064831
399,1.2334526,0.0678497
580,61.2496206,0.0709236
624,56.1557278,0.0939536
497,51.9898175,0.106534
488,64.0763583,0.0732131
480,1.4450823,0.048759
649,50.7335719,0.0757305
675,121.9440024,0.125549
70,0.0473343,0.0268046
70,0.0431702,0.0292978
105,0.0800151,0.034958
100,0.0115488,0.0506921
145,0.0306139,0.0486519
135,0.0282084,0.0740006
235,1.6179627,0.0621141
260,0.1726482,0.0588368
210,0.2342539,0.0630171
280,0.3285735,0.0791382
250,0.1994734,0.081295
435,1.0969372,0.1217665
195,0.1545409,0.1481477
440,2.8356957,0.1170391
305,1.8521923,0.1078076
625,55.9738477,0.2094621
425,63.9578461,0.1519225
620,60.4610232,0.1499432
640,112.652472,0.2451024
535,66.1191046,0.2270646
520,54.8427281,0.1595397
520,67.3344748,0.1312525
675,128.9519938,0.2108185
725,372.1891346,0.4439352
